1.000000000000000000e+00 -9.136347412166696813e+02 -1.834240123823740589e+02 -4.768807484344479519e+01
2.000000000000000000e+00 1.572138850398823138e+02 -1.323692900846349971e+02 9.770864382652645341e-01
3.000000000000000000e+00 7.074526007439407067e+02 1.258790306428993091e+02 -3.108509776884538951e+02
4.000000000000000000e+00 1.732622842338198552e+02 6.649619698646973553e-01 -1.812927550695632988e+02
5.000000000000000000e+00 -1.645392862026262719e+02 -3.913187008685565047e+02 1.343705936744434837e+02
6.000000000000000000e+00 -1.447561315518748643e+03 -1.282181768568720827e+03 8.430569607563755952e+00
7.000000000000000000e+00 6.615221031826307808e+03 -1.653070671832700100e+04 3.130140996622601961e+03
8.000000000000000000e+00 3.564456551105161452e+03 1.065367144061746785e+03 3.227307897630478237e+03
9.000000000000000000e+00 -2.162562783937695713e+03 -9.977062369511851330e+02 -5.333971488497954851e+02
1.000000000000000000e+01 1.812879954318548926e+03 -1.371159910570859211e+03 -5.725822186953530490e+02
1.100000000000000000e+01 3.245829500299906158e+03 -1.131538088089167468e+04 6.538211433587402098e+03
1.200000000000000000e+01 -2.671383056130148361e+03 -2.739793363718344608e+03 1.214708734617884829e+03
1.300000000000000000e+01 8.427530898323063866e+02 -2.102798727324195625e+03 1.705411058634635538e+03
1.400000000000000000e+01 2.139810126581644454e+03 1.924955710275966396e+02 -4.116740609806154680e+03
1.500000000000000000e+01 1.213999685644631427e+03 8.244295634083135837e+02 -3.031484885448983277e+03
1.600000000000000000e+01 -1.634007794005907044e+03 4.075964961360627785e+04 1.525088966634173994e+04
1.700000000000000000e+01 4.386034810763833229e+04 -7.783910534612688934e+04 -9.827306339122902500e+03
1.800000000000000000e+01 -1.505413862252496983e+04 3.204983932646302492e+03 8.490129159094325587e+03
1.900000000000000000e+01 -3.871552767215574568e+04 -9.982930141010294392e+03 -4.961461682647088310e+04
2.000000000000000000e+01 1.059597408222216654e+04 -3.271176975537846738e+04 -2.799161158463195989e+03
2.100000000000000000e+01 1.531397086429942874e+03 -2.960662324439348140e+03 -2.153774064056506631e+03
2.200000000000000000e+01 1.844654883647095266e+04 2.448657101210349720e+04 -2.991656230069768571e+04
2.300000000000000000e+01 4.400144241299020109e+02 1.202885540777709539e+05 7.229650324265680865e+03
2.400000000000000000e+01 -1.755129704534623215e+03 5.006755202443815733e+02 -5.236350481822380516e+02
2.500000000000000000e+01 -1.939395309245351882e+03 -6.881157327252534515e+02 -6.291266623782942133e+02
2.600000000000000000e+01 3.126515568358812016e+04 -2.698661140015744240e+04 -8.218976579770122044e+03
2.700000000000000000e+01 -2.412790016916618697e+04 -2.387055318178481684e+03 8.948995223086325268e+02
2.800000000000000000e+01 5.361637460786661222e+02 -1.823457583469166275e+04 -5.002318783379705565e+03
2.900000000000000000e+01 -1.466984782157098562e+04 -6.316628625638262747e+03 -2.746797311078815710e+03
3.000000000000000000e+01 -1.976291670360192802e+04 6.826474208979720970e+02 3.681271364937549606e+03
3.100000000000000000e+01 -1.293714905582944311e+03 3.066108243322381895e+03 1.466072336726808999e+03
3.200000000000000000e+01 -1.330010210893008889e+03 7.655136929245666124e+02 3.448842173337355348e+02
3.300000000000000000e+01 1.021852875450531283e+05 -8.407005233955779113e+04 -5.332166755548289075e+04
3.400000000000000000e+01 -8.565280123746668323e+03 -3.624134077666012308e+04 1.021842715087691613e+04
3.500000000000000000e+01 6.336384768563864782e+04 7.908750620480481302e+03 2.509951515064365958e+04
3.600000000000000000e+01 8.110509469974900867e+02 4.023434097711835875e+03 -1.140770637733048943e+03
3.700000000000000000e+01 -9.740776966873407364e+05 -2.282986064907211039e+04 3.276350073177411687e+05
3.800000000000000000e+01 -6.270547343128923094e+05 -5.865269108139973832e+05 -5.834353412038547685e+05
3.900000000000000000e+01 3.639841984883436235e+05 -5.044138581409566104e+05 1.453582898059519939e+05
4.000000000000000000e+01 -3.056592392431028420e+05 1.347288690852179658e+06 1.339467496734140906e+06
4.100000000000000000e+01 -6.796585314902560413e+07 -1.453119622330594249e+07 1.535770334591680951e+07
4.200000000000000000e+01 -6.732924374777412741e+05 1.731343023965267930e+05 -8.421848207277887559e+04
4.300000000000000000e+01 8.586916455776980147e+06 -2.885181794348943606e+07 8.419656105560276657e+06
4.400000000000000000e+01 -5.504392759303720668e+06 1.864131349121320294e+06 8.279154035017931834e+06
4.500000000000000000e+01 9.721041961296956986e+06 -9.739682636608999223e+06 -2.538498448589567561e+06
4.600000000000000000e+01 -1.640480787836556323e+06 6.618792638036639255e+04 -4.516662097538791131e+05
4.700000000000000000e+01 9.634898090436654165e+06 -7.171034953414604068e+07 -6.869332312327782810e+07
4.800000000000000000e+01 4.003212195973491669e+08 4.457419571701729298e+08 1.296094309570365958e+07
4.900000000000000000e+01 1.045401497137678228e+07 -4.634080118172486871e+07 -1.263273673619123362e+07
5.000000000000000000e+01 1.930408120856022090e+07 2.327411537793812528e+07 -1.029514053956198972e+06
5.100000000000000000e+01 1.199580181459428422e+05 -2.091018177863203746e+05 -1.340217213607644080e+05
5.200000000000000000e+01 6.847614010798176751e+06 8.315513017713487148e+06 -7.471647071954999119e+05
5.300000000000000000e+01 1.586242174305451632e+09 -2.222303464209028721e+09 -2.224286180143436193e+08
5.400000000000000000e+01 -1.829887673348494992e+07 -2.741260532073269133e+06 9.966655724092744291e+06
5.500000000000000000e+01 4.780898543565096706e+07 -2.833033625848561153e+07 -3.310918936035231501e+07
5.600000000000000000e+01 -2.188729978335005283e+09 3.536814739385526180e+09 2.221618203628748357e+08
5.700000000000000000e+01 -4.403219251244015098e+08 -9.734681086487948895e+08 5.012569319320530295e+08
5.800000000000000000e+01 2.404987963941269740e+07 2.618250621517818794e+07 -1.077471448369568214e+07
5.900000000000000000e+01 1.026747666822865248e+09 -1.683314138086971998e+09 -1.347718355108274937e+09
6.000000000000000000e+01 -1.502444655982181989e+07 4.974160921585998684e+07 -2.450996077883245796e+07
6.100000000000000000e+01 1.324122046526871063e+07 -1.140748213762894720e+08 1.422977597383724451e+08
6.200000000000000000e+01 -8.503854225794987381e+07 4.484516842120086774e+06 4.506804950127869099e+07
6.300000000000000000e+01 1.575960309521686286e+07 -3.840496834640046954e+07 7.423263990409648046e+06
6.400000000000000000e+01 -1.404135628602126360e+09 4.980596127224683762e+08 -1.091644175519762754e+09
6.500000000000000000e+01 -1.535744452396151066e+09 1.034139345454811931e+09 -3.027412594970564842e+09
6.600000000000000000e+01 3.078317690719583035e+09 -4.087659729249743819e+08 -2.811226254603171825e+09
6.700000000000000000e+01 3.270188953273892403e+09 -3.096550133944775105e+09 2.409519224073116779e+09
6.800000000000000000e+01 2.909299870957309753e+07 1.019973098606325835e+08 -7.940119717440879345e+07
6.900000000000000000e+01 -6.746818185854963958e+07 1.011303877379299700e+08 1.524653907006332874e+08
7.000000000000000000e+01 3.624237610521878242e+09 -5.485542220619892120e+09 -2.845195990940340996e+09
7.100000000000000000e+01 -3.739319818330389500e+09 -1.540690636742314816e+09 2.580231208637181759e+09
7.200000000000000000e+01 -7.555137468121200800e+07 -5.988675212282650918e+07 -2.048470100680429488e+07
7.300000000000000000e+01 -5.970697655057566643e+09 5.946924533976722717e+09 -3.735063630243959904e+09
7.400000000000000000e+01 -1.863668683684532642e+08 9.299726764597009122e+07 -6.664630044241871685e+06
7.500000000000000000e+01 -3.164052406411601067e+09 -2.187240637291756630e+09 1.157623733389781952e+09
7.600000000000000000e+01 -2.766151204419571877e+09 -5.852050059845916182e+07 3.233265747066050053e+09
7.700000000000000000e+01 5.528891683938322589e+06 -4.685681189870463014e+08 7.694723928703873158e+08
7.800000000000000000e+01 -3.450526527098692656e+08 1.000818571744813085e+09 3.721267198457661271e+08
7.900000000000000000e+01 5.134686319345086068e+07 -1.101502665594172925e+08 -1.802956682229205668e+08
8.000000000000000000e+01 2.960555785855545476e+07 2.577192588475711048e+08 -4.821611763550958037e+08
8.100000000000000000e+01 -2.907667025891497612e+09 3.214933759782470226e+09 1.946689765137317181e+09
8.200000000000000000e+01 6.848521993461909294e+08 1.552970280357458591e+08 3.429178343812096715e+08
8.300000000000000000e+01 1.041896266721153706e+08 3.684554406430408001e+09 2.312132111885125160e+09
8.400000000000000000e+01 -5.730130051229629517e+09 -1.728191202261299849e+09 5.805134535039035797e+09
8.500000000000000000e+01 1.761985926791648613e+06 6.069039966495687841e+05 1.167897190279685194e+06
8.600000000000000000e+01 2.216856076260193251e+06 -1.704412345442184480e+06 -3.670452342679447494e+06
8.700000000000000000e+01 1.164313061962265223e+08 -1.515790828453087807e+07 9.988489511556158960e+07
8.800000000000000000e+01 -4.040657789508785009e+08 -4.273981092957963347e+08 -1.352929570756760836e+08
8.900000000000000000e+01 -6.662434579089242965e+06 -1.653650670131584816e+07 2.041426251430123672e+07
9.000000000000000000e+01 -2.734359981069680452e+08 8.712884585352346301e+07 6.701076434567478895e+08
9.100000000000000000e+01 3.601271655467990786e+05 -5.423197808378614718e+05 6.372714108677657787e+05
9.200000000000000000e+01 4.695379271484798431e+09 6.972193102175940514e+09 3.968863175839766860e+08
9.300000000000000000e+01 6.989565780760432594e+06 -6.496003602735331655e+07 1.394215310236324668e+08
9.400000000000000000e+01 -2.146989667825438082e+08 -2.117255477153029144e+08 -2.613585000565625429e+08
9.500000000000000000e+01 -7.628234691816981649e+05 1.395891218510152958e+07 -4.112647613114836626e+06
9.600000000000000000e+01 -1.356830535048106194e+09 -1.090454866692757130e+09 -5.299819755992123485e+08
9.700000000000000000e+01 4.755981992549239397e+08 -4.158665552504429221e+08 -1.109761628732295275e+09
9.800000000000000000e+01 -1.154956432029684544e+09 6.743722404040752411e+09 2.870698917303599834e+09
9.900000000000000000e+01 3.072257691587156677e+10 -3.005943366990928268e+10 6.075719717535862923e+09
