-9.136321272150920549e+02 -1.834679429109483806e+02 -4.768464836014452146e+01
1.572154700397239537e+02 -1.323623867734893906e+02 9.568007578913029221e-01
7.068702365596052459e+02 1.255315810066418862e+02 -3.104915187712971942e+02
1.728794782926738947e+02 9.483820924484689385e-01 -1.813214163679058970e+02
-1.644195363309301570e+02 -3.913498207565403391e+02 1.341382592030339254e+02
-1.447890887743915528e+03 -1.282693600125725652e+03 8.720592014432956063e+00
6.614920041591887639e+03 -1.653479189211900302e+04 3.129925402152313836e+03
3.563737228194182990e+03 1.064873137572569703e+03 3.227098346356908223e+03
-2.162548839988382952e+03 -9.978383056315142312e+02 -5.335868981989771100e+02
1.812346785334926381e+03 -1.371384997317659781e+03 -5.723778215190329774e+02
3.247976144969014513e+03 -1.131718917122145831e+04 6.538359488281336780e+03
-2.671571822057594545e+03 -2.740148307189621846e+03 1.214791948865570930e+03
8.424998891897118938e+02 -2.102731993304387288e+03 1.705290063238419179e+03
2.140050721494746085e+03 1.927579979931335856e+02 -4.116912891466546171e+03
1.213396597802413908e+03 8.242299984587598374e+02 -3.032295259164769504e+03
-1.634889558732863861e+03 4.076224515229149256e+04 1.525458894408058404e+04
4.387067033782432554e+04 -7.783849218427101732e+04 -9.825900706898446515e+03
-1.505509426094573973e+04 3.204794553367734807e+03 8.488576016294211513e+03
-3.871324894193572982e+04 -9.986731762609020734e+03 -4.961347393573836598e+04
1.058921262427276997e+04 -3.272000080746819731e+04 -2.802111983531503029e+03
1.531372203895030907e+03 -2.961024919201473949e+03 -2.153862018072783940e+03
1.842513524699184927e+04 2.448818110986707325e+04 -2.992287700260113343e+04
4.324193068888125708e+02 1.202769177907941048e+05 7.220175834675478654e+03
-1.755866587506378210e+03 5.006691995426999711e+02 -5.238545917444964743e+02
-1.939444123641209444e+03 -6.879480849280211032e+02 -6.290563192002807682e+02
3.126430988280950623e+04 -2.698119752755485388e+04 -8.215426264443773107e+03
-2.412169738298417360e+04 -2.388614648962159663e+03 8.937919614048032599e+02
5.410653776186427422e+02 -1.822854138446925572e+04 -5.002088711658322609e+03
-1.466978996221583657e+04 -6.316463221543982399e+03 -2.746899869590930848e+03
-1.976504507550348717e+04 6.837987268382139519e+02 3.681535497333927196e+03
-1.293642668876884045e+03 3.066124931484768695e+03 1.466022906478828190e+03
-1.329929617080059415e+03 7.654755915086152527e+02 3.447619081074866472e+02
1.021634514121515531e+05 -8.406485280199178669e+04 -5.331257142682906124e+04
-8.565384997506720538e+03 -3.624053955810194020e+04 1.021761930061098792e+04
6.334101753568687855e+04 7.903212340686783136e+03 2.511376281119641499e+04
8.113165629211080159e+02 4.023457441317986195e+03 -1.139550595383909240e+03
-9.738155606868624454e+05 -2.293914849629680975e+04 3.277384340130808996e+05
-6.268625499361176044e+05 -5.862378639241491910e+05 -5.833183778894587886e+05
3.641342401097364491e+05 -5.042968422359175747e+05 1.452652751946450444e+05
-3.054976607634001411e+05 1.347044608885413269e+06 1.339761387362492271e+06
-6.794327933454111218e+07 -1.452498241321025230e+07 1.535905996503885463e+07
-6.733080428165607154e+05 1.731498870253677014e+05 -8.421086192526084778e+04
8.590358278018105775e+06 -2.885595947540250421e+07 8.419911327017579228e+06
-5.507413533480999060e+06 1.863866025923631154e+06 8.276244263677511364e+06
9.724459638355605304e+06 -9.735862243741875514e+06 -2.537308316713300534e+06
-1.640235860695068724e+06 6.600532177038618829e+04 -4.514503749672382255e+05
9.630983443390462548e+06 -7.170410526485154033e+07 -6.869799872271625698e+07
4.004054753582928777e+08 4.458267118164786100e+08 1.298309256104183942e+07
1.045323671794922277e+07 -4.632815830310656130e+07 -1.262702144125265256e+07
1.928961616054837406e+07 2.327249099216828868e+07 -1.021836031123701483e+06
1.200134312013814924e+05 -2.090927615950627660e+05 -1.340710319734749792e+05
6.848464153649072163e+06 8.317077158242115751e+06 -7.477773182496448280e+05
1.586084568237543106e+09 -2.222149552223665237e+09 -2.223975310187128782e+08
-1.830138908034371585e+07 -2.741567052605418488e+06 9.967654025784121826e+06
4.780224964664269984e+07 -2.832878205356879532e+07 -3.310441924609673023e+07
-2.188653800710619926e+09 3.536599831924927711e+09 2.220787908176242411e+08
-4.403365658889123201e+08 -9.734402662406587601e+08 5.012448458213839531e+08
2.401506886331449077e+07 2.616507076723799482e+07 -1.076922163839867525e+07
1.026746621805865884e+09 -1.683160785672233343e+09 -1.347620850725661278e+09
-1.502590861977458745e+07 4.974624985777752846e+07 -2.450693281548596919e+07
1.327394732663448900e+07 -1.141064306873671263e+08 1.422490421382370889e+08
-8.503606645685538650e+07 4.485373150461795740e+06 4.506670443397773802e+07
1.576797167721906304e+07 -3.841021281228241324e+07 7.421227544549982063e+06
-1.404783961140089750e+09 4.982717550113273859e+08 -1.092113184856213331e+09
-1.535605644114827394e+09 1.034085137923850298e+09 -3.028277735639034271e+09
3.077732257172426701e+09 -4.067453113959388733e+08 -2.812541547977108955e+09
3.271391631321033478e+09 -3.096034105420413971e+09 2.410454190956108570e+09
2.910140151800287515e+07 1.020648571501758844e+08 -7.942875770535507798e+07
-6.746269406799182296e+07 1.011184383443157375e+08 1.524551248362489641e+08
3.621755320602180481e+09 -5.483237815717662811e+09 -2.847783474104178905e+09
-3.738959253896705627e+09 -1.540998689738818407e+09 2.581039450456830978e+09
-7.555582008148491383e+07 -5.989760211568686366e+07 -2.048432789049243554e+07
-5.971713663709568024e+09 5.949133846558512688e+09 -3.736507007117962360e+09
-1.863112931075108647e+08 9.288778026351232827e+07 -6.519995555004000664e+06
-3.164113211109074116e+09 -2.187179059771699905e+09 1.157555208090941668e+09
-2.766755361703042030e+09 -5.737544665841674805e+07 3.233163139752305984e+09
5.550770423798995093e+06 -4.685107123938673735e+08 7.694276889501332045e+08
-3.445211517592550516e+08 1.000727968203499794e+09 3.721256773400166035e+08
5.119628285617633164e+07 -1.099996159551783353e+08 -1.803698095704045594e+08
2.961544901314920187e+07 2.576616159214179516e+08 -4.821365013782681227e+08
-2.909262020093583107e+09 3.214113519538815975e+09 1.947509932530813456e+09
6.846846166782469749e+08 1.555419448995077014e+08 3.430112447311086059e+08
1.040404867563771307e+08 3.683418229103669643e+09 2.314316159212105274e+09
-5.730605495052724838e+09 -1.726585011147157669e+09 5.805191624596502304e+09
1.762085742922115372e+06 6.068456663419348188e+05 1.168129116048899945e+06
2.217188324147657957e+06 -1.704519108342370717e+06 -3.670706362553870305e+06
1.164237235633639544e+08 -1.518012040318121016e+07 9.989830746388339996e+07
-4.040066478925789595e+08 -4.271531083562475443e+08 -1.349933625218943357e+08
-6.661835868732748553e+06 -1.653615699768613279e+07 2.041448239957562089e+07
-2.734069673498746157e+08 8.725467555915069580e+07 6.700573280983047485e+08
3.602175150562705239e+05 -5.427072496683951467e+05 6.372167775333733298e+05
4.695176699342216492e+09 6.973514118389894485e+09 3.963238141406359673e+08
7.008777235016226768e+06 -6.494808946938815713e+07 1.393582642825697362e+08
-2.146709046217215061e+08 -2.116946365245517492e+08 -2.612878457434033155e+08
-7.617763781748972833e+05 1.396168190485810861e+07 -4.111624012032697443e+06
-1.356880413372024059e+09 -1.090519638481162548e+09 -5.302618461087591648e+08
4.754816986084603667e+08 -4.158441528343400955e+08 -1.109609315174331188e+09
-1.154030486418621540e+09 6.740373343062507629e+09 2.870169697391973019e+09
3.071932477545257568e+10 -3.004698312659600830e+10 6.070601436159118652e+09
